1,1,2,2,4
cloud,44800,40000,100,10000,0,0.01,103,83.25
cloud1,44800,40000,100,10000,0,0.01,103,83.25
proxy-server1,2800,4000,10000,10000,1,0.0,107.339,83.4333
proxy-server2,2800,4000,10000,10000,1,0.0,107.339,83.4333
proxy-server3,2800,4000,10000,10000,1,0.0,107.339,83.4333
dc_0,2800,4000,10000,10000,1,0.0,107.339,83.4333
dc_1,2800,4000,10000,10000,1,0.0,107.339,83.4333
dc_2,2800,4000,10000,10000,1,0.0,107.339,83.4333
dc_3,2800,4000,10000,10000,1,0.0,107.339,83.4333
m_0,1000,1000,10000,270,3,0,87.53,82.44
m_1,1000,1000,10000,270,3,0,87.53,82.44
m_2,1000,1000,10000,270,3,0,87.53,82.44
m_3,1000,1000,10000,270,3,0,87.53,82.44
m_4,1000,1000,10000,270,3,0,87.53,82.44
m_5,1000,1000,10000,270,3,0,87.53,82.44
s_0,EEG
a_0,DISPLAY
s_1,EEG
a_1,DISPLAY
s_2,EEG
a_2,DISPLAY
s_3,EEG
a_3,DISPLAY
s_4,EEG
a_4,DISPLAY
s_5,EEG
a_5,DISPLAY


